   2    1    1
   1    2    1
   3    1    1
   1    3    1
   4    1    1
   1    4    1
   5    1    1
   1    5    1
   6    1    1
   1    6    1
   7    1    1
   1    7    1
   8    1    1
   1    8    1
   9    1    1
   1    9    1
   10    1    1
   10    11    1
   10    12    1
   10    13    1
   14    10    1
   10    14    1
   15    10    1
   10    15    1
   10    16    1
   10    17    1
   18    10    1
   10    18    1
   10    5    1
   10    19    1
   20    10    1
   10    20    1
   8    10    1
   10    8    1
   21    10    1
   10    21    1
   10    22    1
   10    23    1
   24    10    1
   25    24    1
   24    25    1
   26    24    1
   24    26    1
   27    24    1
   24    27    1
   28    24    1
   24    28    1
   29    24    1
   24    29    1
   17    24    1
   24    17    1
   30    24    1
   24    30    1
   5    24    1
   24    5    1
   31    24    1
   24    31    1
   32    24    1
   24    32    1
   33    24    1
   24    33    1
   34    24    1
   24    34    1
   35    24    1
   24    35    1
   36    24    1
   24    36    1
   37    24    1
   24    37    1
   24    38    1
   24    39    1
   39    24    1
   26    39    1
   39    26    1
   40    39    1
   39    40    1
   41    39    1
   39    41    1
   42    39    1
   39    42    1
   43    39    1
   39    43    1
   44    39    1
   39    44    1
   45    39    1
   39    45    1
   46    39    1
   39    46    1
   37    39    1
   39    37    1
   47    39    1
   39    47    1
   39    38    1
   49    48    1
   48    49    1
   50    48    1
   48    50    1
   40    48    1
   48    40    1
   48    51    1
   45    48    1
   48    45    1
   12    52    1
   52    12    1
   49    52    1
   52    49    1
   53    40    1
   53    54    1
   53    5    1
   32    53    1
   53    32    1
   53    55    1
   53    56    1
   53    57    1
   53    28    1
   58    56    1
   12    58    1
   58    12    1
   16    58    1
   58    16    1
   58    51    1
   58    5    1
   19    59    1
   59    19    1
   59    38    1
   23    11    1
   11    23    1
   60    11    1
   11    60    1
   8    11    1
   11    8    1
   39    11    1
   11    39    1
   42    11    1
   11    42    1
   61    24    1
   25    61    1
   61    25    1
   62    61    1
   61    62    1
   37    61    1
   61    37    1
   63    59    1
   25    63    1
   63    25    1
   9    63    1
   63    9    1
   19    63    1
   63    19    1
   12    64    1
   64    12    1
   14    64    1
   64    14    1
   15    64    1
   64    15    1
   49    64    1
   64    49    1
   65    64    1
   64    65    1
   66    32    1
   66    39    1
   66    25    1
   66    27    1
   66    9    1
   66    28    1
   66    40    1
   66    67    1
   66    19    1
   7    66    1
   66    7    1
   66    55    1
   66    68    1
   66    22    1
   66    69    1
   66    35    1
   66    36    1
   66    37    1
   66    23    1
   50    70    1
   70    50    1
   71    70    1
   70    71    1
   14    12    1
   12    14    1
   15    12    1
   12    15    1
   9    12    1
   12    9    1
   72    12    1
   12    72    1
   73    12    1
   12    73    1
   8    12    1
   12    8    1
   74    12    1
   12    74    1
   51    12    1
   12    51    1
   75    13    1
   13    75    1
   60    13    1
   13    60    1
   28    13    1
   13    28    1
   76    13    1
   13    76    1
   77    13    1
   13    77    1
   57    13    1
   13    57    1
   78    13    1
   13    78    1
   79    13    1
   13    79    1
   13    80    1
   81    13    1
   13    81    1
   55    13    1
   13    55    1
   82    13    1
   13    82    1
   23    50    1
   23    10    1
   2    23    1
   23    2    1
   14    23    1
   23    14    1
   15    23    1
   23    15    1
   60    23    1
   23    60    1
   49    23    1
   23    49    1
   23    51    1
   83    23    1
   23    83    1
   8    23    1
   23    8    1
   84    23    1
   23    84    1
   65    23    1
   23    65    1
   21    23    1
   23    21    1
   69    23    1
   23    69    1
   23    85    1
   86    23    1
   23    86    1
   23    87    1
   28    88    1
   88    28    1
   19    88    1
   88    19    1
   65    88    1
   88    65    1
   22    88    1
   88    22    1
   89    88    1
   88    89    1
   35    88    1
   88    35    1
   90    2    1
   2    90    1
   63    2    1
   2    63    1
   49    2    1
   2    49    1
   51    2    1
   2    51    1
   6    2    1
   2    6    1
   24    91    1
   91    24    1
   14    25    1
   25    14    1
   60    25    1
   25    60    1
   92    14    1
   14    92    1
   93    14    1
   14    93    1
   49    14    1
   14    49    1
   16    14    1
   14    16    1
   94    14    1
   14    94    1
   19    14    1
   14    19    1
   95    14    1
   14    95    1
   65    14    1
   14    65    1
   6    14    1
   14    6    1
   87    14    1
   14    87    1
   16    15    1
   15    16    1
   19    15    1
   15    19    1
   95    15    1
   15    95    1
   65    15    1
   15    65    1
   6    15    1
   15    6    1
   85    15    1
   15    85    1
   47    26    1
   26    47    1
   9    75    1
   75    9    1
   75    96    1
   97    75    1
   75    97    1
   78    75    1
   75    78    1
   75    54    1
   75    73    1
   19    75    1
   75    19    1
   98    75    1
   75    98    1
   75    69    1
   99    32    1
   93    92    1
   92    93    1
   4    92    1
   92    4    1
   92    56    1
   9    60    1
   60    9    1
   49    60    1
   60    49    1
   4    60    1
   60    4    1
   83    60    1
   60    83    1
   100    60    1
   60    100    1
   45    60    1
   60    45    1
   86    60    1
   60    86    1
   87    60    1
   60    87    1
   93    56    1
   74    101    1
   101    74    1
   47    101    1
   101    47    1
   40    102    1
   102    40    1
   103    66    1
   103    19    1
   103    104    1
   103    6    1
   103    87    1
   103    5    1
   40    103    1
   103    40    1
   9    27    1
   27    9    1
   79    27    1
   27    79    1
   105    27    1
   27    105    1
   42    27    1
   27    42    1
   51    27    1
   27    51    1
   32    27    1
   27    32    1
   45    27    1
   27    45    1
   9    39    1
   2    9    1
   9    2    1
   106    9    1
   9    106    1
   96    9    1
   9    96    1
   9    107    1
   108    9    1
   9    108    1
   49    9    1
   9    49    1
   9    76    1
   16    9    1
   9    16    1
   77    9    1
   9    77    1
   97    9    1
   9    97    1
   109    9    1
   9    109    1
   50    9    1
   9    50    1
   40    9    1
   9    40    1
   54    9    1
   9    54    1
   72    9    1
   9    72    1
   73    9    1
   9    73    1
   4    9    1
   9    4    1
   9    110    1
   9    19    1
   51    9    1
   9    51    1
   83    9    1
   9    83    1
   20    9    1
   9    20    1
   9    65    1
   85    9    1
   9    85    1
   35    9    1
   9    35    1
   111    9    1
   9    111    1
   9    7    1
   50    106    1
   106    50    1
   40    106    1
   106    40    1
   40    28    1
   28    40    1
   112    28    1
   28    112    1
   5    28    1
   28    5    1
   56    28    1
   28    56    1
   21    28    1
   28    21    1
   111    28    1
   28    111    1
   113    28    1
   28    113    1
   98    28    1
   28    98    1
   96    12    1
   96    23    1
   96    97    1
   96    40    1
   96    114    1
   19    96    1
   96    19    1
   51    96    1
   96    51    1
   96    32    1
   96    83    1
   8    96    1
   96    8    1
   115    96    1
   96    115    1
   96    95    1
   96    65    1
   96    89    1
   6    96    1
   96    6    1
   96    45    1
   116    96    1
   96    116    1
   86    96    1
   96    86    1
   96    87    1
   96    117    1
   19    118    1
   118    19    1
   14    118    1
   118    14    1
   49    118    1
   118    49    1
   51    118    1
   118    51    1
   15    118    1
   118    15    1
   95    118    1
   118    95    1
   107    59    1
   97    107    1
   107    97    1
   119    107    1
   107    119    1
   120    107    1
   107    120    1
   5    107    1
   107    5    1
   19    107    1
   107    19    1
   7    107    1
   107    7    1
   83    107    1
   107    83    1
   103    107    1
   107    103    1
   8    108    1
   108    8    1
   108    68    1
   86    49    1
   49    86    1
   54    49    1
   49    54    1
   5    49    1
   49    5    1
   51    49    1
   49    51    1
   83    49    1
   49    83    1
   55    49    1
   49    55    1
   98    49    1
   49    98    1
   8    49    1
   49    8    1
   121    49    1
   49    121    1
   65    49    1
   49    65    1
   90    49    1
   49    90    1
   22    49    1
   49    22    1
   89    49    1
   49    89    1
   6    49    1
   49    6    1
   85    49    1
   49    85    1
   87    49    1
   49    87    1
   78    76    1
   76    78    1
   74    16    1
   16    74    1
   47    16    1
   16    47    1
   12    16    1
   16    12    1
   40    77    1
   77    40    1
   29    97    1
   97    29    1
   98    97    1
   97    98    1
   122    97    1
   97    122    1
   37    97    1
   97    37    1
   78    123    1
   123    78    1
   123    51    1
   123    62    1
   19    109    1
   109    19    1
   50    124    1
   124    50    1
   40    124    1
   124    40    1
   125    124    1
   124    125    1
   57    53    1
   126    57    1
   57    126    1
   40    57    1
   57    40    1
   31    57    1
   57    31    1
   43    57    1
   57    43    1
   127    57    1
   57    127    1
   19    50    1
   50    19    1
   128    50    1
   50    128    1
   35    50    1
   50    35    1
   50    129    1
   130    50    1
   50    130    1
   116    50    1
   50    116    1
   82    50    1
   50    82    1
   131    40    1
   40    131    1
   19    40    1
   40    19    1
   128    40    1
   40    128    1
   33    40    1
   40    33    1
   80    40    1
   40    80    1
   8    40    1
   40    8    1
   115    40    1
   40    115    1
   65    40    1
   40    65    1
   85    40    1
   40    85    1
   35    40    1
   40    35    1
   36    40    1
   40    36    1
   130    40    1
   40    130    1
   116    40    1
   40    116    1
   82    40    1
   40    82    1
   132    133    1
   78    23    1
   78    9    1
   78    54    1
   78    18    1
   51    78    1
   78    51    1
   20    78    1
   78    20    1
   78    55    1
   78    65    1
   78    22    1
   78    89    1
   78    87    1
   78    118    1
   4    54    1
   54    4    1
   32    54    1
   54    32    1
   65    54    1
   54    65    1
   94    54    1
   72    94    1
   94    72    1
   94    19    1
   94    134    1
   24    135    1
   135    24    1
   112    136    1
   136    112    1
   114    12    1
   114    96    1
   114    78    1
   120    114    1
   114    120    1
   111    114    1
   114    111    1
   41    17    1
   17    41    1
   137    17    1
   17    137    1
   47    17    1
   17    47    1
   42    17    1
   17    42    1
   35    138    1
   138    35    1
   27    138    1
   138    27    1
   98    119    1
   119    98    1
   8    119    1
   119    8    1
   69    119    1
   119    69    1
   139    91    1
   137    41    1
   41    137    1
   65    71    1
   71    65    1
   73    23    1
   16    73    1
   73    16    1
   51    73    1
   73    51    1
   73    32    1
   73    83    1
   8    73    1
   73    8    1
   65    73    1
   73    65    1
   90    73    1
   73    90    1
   73    22    1
   73    85    1
   100    3    1
   3    100    1
   47    3    1
   3    47    1
   79    5    1
   19    79    1
   79    19    1
   140    79    1
   79    140    1
   137    112    1
   112    137    1
   127    4    1
   4    127    1
   20    4    1
   4    20    1
   6    4    1
   4    6    1
   5    4    1
   4    5    1
   18    123    1
   110    18    1
   18    110    1
   19    18    1
   18    19    1
   115    18    1
   18    115    1
   19    110    1
   110    19    1
   110    68    1
   117    56    1
   19    141    1
   141    19    1
   142    59    1
   19    142    1
   142    19    1
   5    25    1
   5    10    1
   5    139    1
   7    5    1
   5    7    1
   83    5    1
   5    83    1
   5    143    1
   100    42    1
   42    100    1
   137    42    1
   42    137    1
   17    42    1
   42    17    1
   19    31    1
   31    19    1
   31    144    1
   7    43    1
   43    7    1
   122    19    1
   19    122    1
   86    19    1
   19    86    1
   57    19    1
   19    57    1
   37    19    1
   19    37    1
   145    53    1
   145    40    1
   145    5    1
   145    32    1
   8    145    1
   145    8    1
   51    146    1
   51    147    1
   51    8    1
   121    51    1
   51    121    1
   85    51    1
   51    85    1
   36    51    1
   51    36    1
   86    51    1
   51    86    1
   51    87    1
   146    27    1
   146    28    1
   146    100    1
   146    45    1
   146    140    1
   146    35    1
   146    62    1
   146    37    1
   146    63    1
   146    38    1
   146    39    1
   147    53    1
   147    32    1
   147    22    1
   147    57    1
   148    146    1
   22    148    1
   148    22    1
   35    148    1
   148    35    1
   7    23    1
   149    7    1
   7    149    1
   7    56    1
   150    66    1
   150    75    1
   150    40    1
   150    17    1
   150    98    1
   150    68    1
   150    69    1
   150    137    1
   150    28    1
   32    66    1
   32    28    1
   32    40    1
   32    78    1
   32    67    1
   32    83    1
   32    98    1
   32    121    1
   115    32    1
   32    115    1
   65    32    1
   32    65    1
   32    22    1
   32    89    1
   32    69    1
   32    134    1
   32    85    1
   32    45    1
   130    32    1
   32    130    1
   32    62    1
   32    137    1
   32    143    1
   32    37    1
   32    35    1
   32    54    1
   32    23    1
   32    27    1
   32    38    1
   35    128    1
   128    35    1
   37    128    1
   128    37    1
   95    83    1
   83    95    1
   65    83    1
   83    65    1
   87    83    1
   83    87    1
   6    83    1
   83    6    1
   83    132    1
   83    99    1
   115    83    1
   83    115    1
   148    38    1
   38    148    1
   38    60    1
   143    33    1
   33    143    1
   21    20    1
   20    21    1
   6    20    1
   20    6    1
   37    20    1
   20    37    1
   23    20    1
   20    23    1
   19    20    1
   20    19    1
   149    5    1
   80    53    1
   80    91    1
   80    16    1
   80    19    1
   80    32    1
   80    137    1
   80    12    1
   24    100    1
   100    24    1
   137    100    1
   100    137    1
   81    9    1
   81    147    1
   81    65    1
   55    39    1
   55    12    1
   55    54    1
   55    69    1
   55    78    1
   98    10    1
   98    12    1
   98    16    1
   98    110    1
   98    19    1
   98    8    1
   65    98    1
   98    65    1
   98    87    1
   151    19    1
   8    2    1
   8    97    1
   8    142    1
   19    8    1
   8    19    1
   69    8    1
   8    69    1
   8    85    1
   87    8    1
   8    87    1
   8    9    1
   8    63    1
   56    152    1
   56    5    1
   56    148    1
   56    32    1
   134    56    1
   56    134    1
   56    144    1
   56    38    1
   14    56    1
   56    14    1
   115    69    1
   37    44    1
   44    37    1
   34    56    1
   68    152    1
   68    148    1
   68    32    1
   68    83    1
   68    55    1
   68    113    1
   68    38    1
   153    68    1
   95    56    1
   95    68    1
   113    27    1
   113    139    1
   113    81    1
   113    143    1
   121    12    1
   121    96    1
   121    69    1
   154    12    1
   154    9    1
   154    69    1
   90    65    1
   65    90    1
   89    65    1
   65    89    1
   125    65    1
   65    125    1
   87    65    1
   65    87    1
   90    147    1
   69    90    1
   90    69    1
   15    90    1
   90    15    1
   89    90    1
   90    89    1
   21    147    1
   22    39    1
   22    23    1
   73    22    1
   22    73    1
   22    125    1
   22    69    1
   22    85    1
   87    22    1
   22    87    1
   89    9    1
   89    54    1
   89    19    1
   89    8    1
   89    125    1
   89    134    1
   89    118    1
   6    123    1
   6    56    1
   104    6    1
   6    104    1
   69    10    1
   69    48    1
   69    53    1
   69    63    1
   69    64    1
   69    12    1
   69    13    1
   69    25    1
   69    9    1
   69    107    1
   69    49    1
   69    40    1
   69    72    1
   69    71    1
   69    18    1
   69    110    1
   69    19    1
   69    145    1
   69    51    1
   69    148    1
   69    32    1
   69    128    1
   69    83    1
   69    121    1
   69    95    1
   69    84    1
   69    65    1
   69    21    1
   69    134    1
   69    85    1
   69    62    1
   69    74    1
   85    23    1
   85    25    1
   85    27    1
   85    19    1
   85    32    1
   85    83    1
   85    65    1
   85    134    1
   85    86    1
   85    87    1
   122    45    1
   45    122    1
   140    45    1
   45    140    1
   143    155    1
   155    143    1
   37    155    1
   155    37    1
   46    35    1
   35    46    1
   37    35    1
   35    37    1
   129    69    1
   129    134    1
   129    65    1
   137    46    1
   46    137    1
   47    46    1
   46    47    1
   144    91    1
   9    116    1
   116    9    1
   69    116    1
   116    69    1
   62    56    1
   111    56    1
   111    68    1
   137    74    1
   74    137    1
   156    133    1
   24    137    1
   137    24    1
   37    137    1
   137    37    1
   47    137    1
   137    47    1
   87    123    1
   87    56    1
   87    68    1
   47    87    1
   87    47    1
   104    37    1
   37    104    1
   21    104    1
   104    21    1
   19    104    1
   104    19    1
   133    66    1
